# Generated: 2026-09-27
202412
213373
198953
219502
36680
197170
210558
44382
197769
209373
215925
200373
401626
200051
214351
202226
200593
135388
152485
213790
207043
214927
402253
48090
51396
208137
51852
219067
209605
14956
206479
219326
210457
211860
399486
209413
216246
266702
201738
202306
210644
213702
218731
399979
24544
47890
48693
57509
152194
154177
198189
215136
206378
209883
213995
401701
55933
203273
401696
200651
215117
14576
57043
140869
215311
396073
142002
142430
202425
207957
210546
215730
44208
49581
54801
210006
218986
400992
201814
216127
33993
46664
138968
149181
213388
35830
59651
138915
209425
211955
215930
43444
44559
133692
197450
211066
216078
18526
34450
39600
51447
59711
62206
133731
208241
34985
42397
57100
149242
201249
213035
213389
2601
203861
204552
209896
213438
399073
5065
200912
204490
207812
213200
215765
400506
35179
43668
51124
51722
58854
134176
134196
140155
205397
210240
211663
211720
13875
43463
43743
135752
137156
147287
206728
208185
210705
210848
215402
215731
216475
329007
397881
3507
6729
8649
11527
17612
23865
25288
25862
35624
37707
38149
40034
40193
41155
44386
46370
48198
48589
49418
51511
51582
52209
53958
62864
132827
133320
140787
140941
141333
141738
142519
142622
146887
147034
147211
147291
149196
149197
149208
149978
152149
152327
154206
197555
198071
198926
198981
199420
200010
201626
201813
203120
207088
207986
208198
208525
209847
209944
210316
210530
210654
210714
211121
211238
211922
212651
213441
213652
213753
213921
215376
216378
398638
398741
400018
402075
6775
58469
